#invmass time_at_vertex vertex_x vertex_y  
1.110036  0.035128  0.223746  -0.289088
1.112973  0.132390  3.051323  -1.126152
1.121825  0.177131  3.923874  0.604000
1.115248  0.455919  0.453801  -0.989303
1.124912  -1.606830  -2.763639  -0.096497
1.111166  0.046433  4.403973  -2.204756
1.114095  0.073437  0.949093  -1.856859
1.112203  0.351739  4.406458  -1.225135
1.106525  0.086154  0.084168  -0.428982
1.115093  0.239231  -1.171660  -0.083420
1.114435  0.029702  -0.231256  1.355868
1.118913  0.458145  3.603745  -1.485058
1.110729  0.035932  1.448052  -0.274135
1.106948  0.581862  5.279642  -1.762888
1.123545  -0.056648  15.835090  3.223684
1.116019  0.068484  2.739003  -0.748663
1.112763  0.050763  -2.136797  0.040002
1.117366  0.349934  4.469983  -1.144051
1.118089  0.133387  1.457980  0.067037
1.118419  -0.233314  -1.435372  -0.875915
1.117675  -0.144656  -1.377796  0.651416
1.117562  -0.086763  -1.926875  -0.031899
1.120131  0.067890  0.018373  0.589572
1.122810  0.063280  -2.578148  0.998360
1.119085  0.045054  4.444038  0.613841
1.119085  0.045054  4.444038  0.613841
1.112967  0.105865  1.810794  0.898379
1.113585  0.328345  2.739746  -1.846116
1.106440  0.042578  1.081911  0.899936
1.111056  0.245583  0.322364  -1.600619
1.108481  -0.017876  -1.491168  -0.232499
1.113771  0.184219  0.228056  -0.450447
1.122719  -0.281926  -2.873827  -0.396805
1.120547  -0.884032  6.604526  1.484251
1.116869  0.018200  2.771051  -1.022279
1.115881  0.109093  -0.714168  0.440431
1.115257  -0.338758  -1.775896  0.166547
1.107513  0.390445  5.688895  -0.865364
1.110432  0.093669  0.940484  0.032227
1.111303  0.112914  -0.977763  -0.069170
1.107147  0.186022  5.275526  -2.725092
1.115653  0.039523  -1.239569  0.810567
1.123502  0.234579  5.443659  -1.811219
1.113408  0.229976  3.130259  -1.605702
1.111974  -0.468313  -0.750089  0.732715
1.113080  0.097630  0.226825  0.004329
1.117761  0.518395  2.029271  0.864217
1.109642  0.390205  4.319374  1.965754
1.122276  -0.032830  -0.459569  -0.648915
1.124143  0.155744  3.094483  1.548032
1.117347  0.122089  -1.090469  -0.393834
1.117347  0.122089  -1.090469  -0.393834
1.118936  -0.125426  0.855675  -1.105925
1.123076  -0.068777  -1.307301  -0.177395
1.121195  -0.048095  0.204020  0.018128
1.114968  -0.172279  -2.419976  -0.240792
1.115607  -0.146101  2.737867  -0.440564
1.109202  -0.095793  0.894799  0.226634
1.111722  0.626543  5.569533  2.290623
1.110849  0.267583  0.140606  -0.551730
1.111348  0.301427  -0.301422  0.979228
1.115212  -0.342753  -1.834870  0.766197
1.123750  0.128988  0.727574  -0.183217
1.111464  0.501045  1.440967  -0.346306
1.112889  0.198240  -0.339845  -0.741254
1.118766  0.033418  -1.865873  -0.778635
1.119617  -0.221887  -1.737001  -0.300963
1.119221  0.091864  -0.175366  -0.290131
1.106708  0.700681  4.197549  -2.996368
1.114531  0.065028  0.360661  0.742629
1.109898  0.066994  4.343881  -0.319008
1.124888  0.004195  9.110100  -3.311062
1.121958  0.088397  1.483533  0.373972
1.115429  0.149222  9.025532  -3.852404
1.119624  -0.032917  0.416736  0.011171
1.114214  0.686918  5.384649  -1.868218
1.105019  -0.397717  23.765115  -3.219663
1.109351  -0.096909  -0.568741  0.068886
1.119321  0.307369  -2.915271  0.697220
1.107021  0.379558  0.882203  -0.919451
1.119905  0.070570  -0.594522  0.255509
1.113442  0.119152  0.252902  0.142641
1.113689  0.482016  5.206864  -3.073074
1.111806  0.320688  2.988142  0.920737
1.116538  -0.149474  0.962482  -2.088683
1.112059  -0.031872  -3.057872  -0.299478
1.116538  -0.149474  0.962482  -2.088683
1.112059  -0.031872  -3.057872  -0.299478
1.108061  -0.093618  0.959379  -1.016411
1.107308  0.129007  -0.621677  0.065707
1.111674  -0.090840  -1.489196  -0.231820
1.106365  -0.325300  -0.767917  0.252703
1.112726  0.031835  -2.409328  -0.087561
1.122406  0.351791  1.172406  -0.195835
1.116322  0.208401  0.372274  -0.162178
1.114327  -0.006460  2.281348  1.070940
1.115706  0.115267  0.085472  -0.316508
1.114862  0.124432  0.633527  -0.396324
1.112916  0.123844  -0.279037  0.282880
1.115768  0.167728  -2.057828  0.126452
1.113007  -0.245362  -0.692611  -0.734176
1.124602  0.186495  -0.914173  -2.309678
1.112661  0.840384  7.819795  0.376247
1.110965  0.123599  0.109086  -0.249764
1.110965  0.123599  0.109086  -0.249764
1.112903  -0.063148  0.093715  -0.038209
1.113127  0.191165  1.704618  -0.517967
1.113030  -0.116295  -1.023033  -0.858571
1.115150  0.380618  -0.576022  0.205224
1.116991  0.053746  0.269502  0.062964
1.106069  -0.186249  -2.035387  -0.014392
1.108619  0.288416  0.910088  0.333040
1.122831  0.387898  6.223238  -0.686313
1.122831  0.387898  6.223238  -0.686313
1.116700  0.039792  1.795777  -1.830842
1.106609  -0.221350  5.001248  0.113881
1.107539  -0.015995  0.182904  -1.124670
1.106615  0.101724  9.662864  -3.029965
1.116499  0.104296  0.509150  -0.184704
1.111447  0.273602  1.469711  -0.934422
1.107143  -0.042898  -1.270599  -0.342551
1.107143  -0.042898  -1.270599  -0.342551
1.105166  -0.208203  -2.353536  0.054031
1.112385  0.662586  5.984229  -2.867649
1.110119  0.177845  1.118078  -0.501222
1.110632  0.315943  0.508281  -0.646716
1.118643  0.062318  0.408230  -1.541399
1.115858  -0.111917  0.346415  -0.693403
1.112021  0.321319  7.384899  3.431788
1.114511  0.147964  -1.670882  -0.665645
1.113237  0.212058  1.586629  0.714085
1.113999  0.583477  4.371246  -2.468181
1.119729  0.470843  4.789111  -2.329572
1.109657  -0.063519  1.140451  -2.748202
1.114170  0.342279  -2.463999  -2.631700
1.113300  0.306919  1.979494  0.507451
1.124279  0.253295  3.440358  -1.071351
1.106637  0.320490  6.210964  -2.614559
1.113732  0.136254  -0.084572  -0.074624
1.118799  0.246650  -0.405915  -0.002475
1.116735  0.560435  2.158560  -2.028500
1.117046  -0.098775  -0.649428  0.011599
1.123514  0.012231  -1.028648  0.398296
1.111836  0.264684  4.846921  1.216054
1.115043  -0.141388  -0.616751  0.132723
1.124930  0.335510  6.265283  -1.424074
1.114619  0.356002  4.769176  0.817749
1.116892  0.166063  -0.759574  -3.459481
1.116580  0.236499  5.130426  -1.887754
1.113500  0.299719  4.278916  -1.297280
1.124781  0.193541  0.027335  -0.135507
1.115674  0.314897  4.904865  -2.448208
1.122996  -0.109133  -3.007837  0.029724
1.119047  0.331643  2.258830  -0.066928
1.108197  0.335337  2.636083  -0.101619
1.119328  -0.220779  -0.748917  0.156722
1.123297  -0.007169  -0.264736  -0.290411
1.121273  0.264043  2.624101  0.636748
1.109821  -0.156074  -0.516766  0.266528
1.119742  0.041555  -0.752425  0.013691
1.121551  0.463397  3.368978  -1.065578
1.113095  0.303497  1.160161  -1.343842
1.112099  -0.179745  -0.221666  0.083152
1.111226  0.026034  -2.466874  -0.022211
1.118899  -0.115462  -2.646246  -0.487061
1.116653  0.306832  -0.535391  -0.687418
1.110716  0.249156  8.218825  -2.087051
1.122344  -0.079331  -0.008111  0.478862
1.113312  0.261081  4.627714  -0.789533
1.111790  0.443311  3.118054  -1.887522
1.112768  0.301592  0.447784  -0.257911
1.112341  0.366139  1.513281  -0.452910
1.124769  0.540417  8.118349  1.614232
1.121316  0.337432  8.455413  -3.234859
1.109612  0.100823  0.437719  0.087217
1.121234  -0.189991  -2.321421  -0.301801
1.115817  -0.270272  -0.892405  -0.616194
1.109550  0.266736  0.030681  -1.439168
1.120290  0.067521  -1.231662  -0.925542
1.113156  0.459723  2.708362  0.975234
1.116858  -0.048577  1.011498  0.097810
1.110245  0.293948  -1.102161  0.135916
1.115663  0.100527  0.461416  -0.370279
1.121591  -0.162740  0.179444  0.103239
1.121710  -0.075477  1.833346  1.347255
1.112542  0.020428  -3.039200  0.486288
1.114371  0.114162  0.435124  -1.677518
1.117562  0.316342  2.868472  -1.652134
1.106654  0.030879  -1.652700  0.576507
1.105466  0.628933  2.242239  0.557867
1.113833  0.134492  2.907515  0.570397
1.111242  -0.070596  1.207066  -0.743900
1.108429  0.218928  -0.884121  0.066523
1.118973  0.237839  -0.691487  -0.602871
1.109792  0.462477  6.592806  -1.208818
1.116777  0.133270  -0.319571  -0.532119
1.109454  -0.033639  -1.682238  -0.023303
1.116642  0.145122  -0.694467  -0.245353
1.113508  -0.197849  -0.026307  -0.019956
1.113875  0.069241  -0.837629  0.485753
1.111753  0.306254  0.198537  -0.403340
1.115082  0.556433  3.100222  -3.566770
1.110113  0.118099  4.716822  1.207036
1.114109  0.104561  -0.705971  0.728805
1.118006  -0.116890  -1.785182  0.152851
1.120597  -0.047743  4.864751  -3.215827
1.109661  0.066079  -1.707119  -0.057584
1.118791  -0.108948  -1.584587  -0.439466
1.122625  -0.038488  -2.812397  -0.777614
1.112762  0.127325  0.163829  -0.447900
1.112762  0.127325  0.163829  -0.447900
1.112129  0.144120  2.435714  -1.850364
1.107280  0.324140  4.805281  -0.571506
1.112277  0.319283  -1.330649  -0.068565
1.120434  0.190311  0.602109  -0.356224
1.124808  0.154847  4.733447  0.299608
1.115189  0.338026  -1.270366  -0.466075
1.113453  0.222309  -3.084848  -0.503293
1.117567  0.262805  3.510072  1.097380
1.109324  0.330837  0.568312  0.503159
1.121037  0.021900  0.760032  -1.026688
1.118803  -0.095422  4.061726  -0.343266
1.113889  0.138813  0.327600  -0.852268
1.113134  0.223293  0.099608  0.175582
1.113468  0.163636  3.848439  0.365124
1.109011  -0.361165  11.332757  3.707875
1.106381  0.149715  5.630331  -0.948969
1.116804  0.533532  6.920343  0.212888
1.107087  0.019882  -1.334500  -0.123053
1.111196  -1.043490  -1.382675  0.300728
1.114148  0.147146  0.878485  0.646993
1.108435  -0.211132  3.429553  0.056777
1.114568  -0.247171  5.844500  -0.364641
1.110162  -0.017139  -0.006984  -1.408016
1.114027  0.340273  5.132814  -2.335025
1.118696  0.274673  5.506312  2.307043
1.117549  -0.152288  2.387730  -2.343725
1.118443  0.259295  2.617773  -1.282127
1.111197  0.307235  0.676006  -0.593242
1.120928  0.060749  7.484076  -1.055395
1.114051  0.255105  -0.095730  -1.102219
1.115381  0.086203  1.522790  0.495323
1.116889  0.150834  2.662317  -0.531001
1.116356  0.194179  3.152012  -0.292903
1.115147  0.210004  2.879717  -1.292411
1.113988  -0.123857  0.050562  -0.910693
1.109404  -0.007745  -2.185938  -0.262015
1.112748  -0.097890  8.088084  2.163752
1.119055  -0.052208  0.951485  -0.922671
1.124833  0.057289  -2.368793  -0.491877
1.115465  0.445062  6.231790  -1.534947
1.109330  0.146843  0.199374  0.136985
1.119668  -0.120162  -2.239558  0.335295
1.118055  0.045353  2.374332  -0.847615
1.111018  -0.191559  -1.599535  -0.745377
1.105561  0.049245  4.467443  -0.779923
1.118379  0.066293  0.860849  0.133137
1.116716  0.409102  1.638636  -0.717789
1.114031  0.226220  5.499137  -0.650305
1.118059  0.122403  0.545011  -0.484382
1.112190  0.151526  1.407569  -1.610667
1.114257  0.342394  2.921242  -3.384071
1.108376  -0.020122  -1.706748  -0.247250
1.114722  0.702495  4.142754  -2.774112
1.107535  0.016270  -0.492447  -0.383839
1.117852  0.679049  8.961267  -3.503329
1.123973  0.134575  -2.100696  0.468628
1.118812  -0.273205  -2.215692  -0.061577
1.111258  -0.087284  2.682520  -1.013380
1.122322  0.042165  -2.074245  0.208778
1.108184  0.375291  2.526720  -0.251941
1.111646  0.935444  7.451236  1.266942
1.121010  -0.104327  0.657164  0.290133
1.109497  0.675177  -0.559141  -2.286143
1.106519  0.091444  -0.331374  0.325059
1.123479  0.082842  -0.059152  -0.192457
1.123479  0.082842  -0.059152  -0.192457
1.109219  0.092546  2.340745  0.574110
1.120088  0.196935  1.033069  -1.704432
1.114902  -0.165157  -1.711591  -1.679895
1.115783  0.535913  7.583724  1.598407
1.116799  0.533291  9.279041  -1.927444
1.111618  0.184867  0.586194  -0.448495
1.112996  -0.064332  3.490991  -0.831912
1.114611  0.192396  2.526488  -2.289476
1.109072  -0.004378  -1.569652  0.664862
1.117127  0.380288  3.674566  1.345542
1.117510  0.195279  6.172218  -2.048291
1.110621  0.013912  -0.448117  -2.393126
1.113213  0.052308  1.461682  0.101027
1.118914  -0.225957  -1.944118  -0.011482
1.108720  0.018605  1.854489  -1.363349
1.117709  -1.119763  -2.383489  -0.184818
1.115529  0.322659  1.773374  -0.093646
1.122457  0.130829  6.121372  -0.560622
1.120466  0.378416  6.213945  -3.581206
1.109440  -0.496796  -1.072570  -0.200769
1.116503  -0.129599  14.776353  2.170830
1.109031  0.255382  1.505361  -2.036756
1.108246  0.015381  1.674357  -0.394138
1.118187  0.407898  7.517042  -3.871152
1.112463  0.043934  -0.719849  -1.557890
1.114620  0.337617  1.420024  -0.152922
1.114549  0.092470  -0.901852  0.295176
1.111417  0.437935  10.392417  1.176898
1.105073  -0.007930  1.499710  -0.367018
1.115730  0.032532  3.069096  -0.000774
1.118946  -0.108274  3.502701  -0.499674
1.118946  -0.108274  3.502701  -0.499674
1.110588  0.012960  0.498364  -1.858551
1.110216  0.117390  -0.807195  -0.133058
1.122751  0.082362  -2.756586  0.010027
1.112218  0.210013  1.534825  -0.061190
1.112218  0.210013  1.534825  -0.061190
1.114078  0.291705  -0.764178  -1.244651
